2021-03-18T17:04:45.007586,0,0,0,0,-2,-6,-12,-20,-29,-35,-38,-35,-27,-15,0,14,26,35,38,35,27,15,0,-13,-26,-34,-34,-23,5,56,129,216,302,366,389,359,277,154,7,-140,-266,-352,-385,-358,-277,-154,-7,140,266,352,385,358,277,154,7,-140,-266,-352,-385,-358,-277,-154,-7,140,266,352,385,358,277,154,7,-140,-266,-352,-385,-361,-289,-187,-83,0,50,68,64,50,33,17,1,-13,-26,-35,-38,-35,-27,-15,0,14,26,35,38,35,27,15,0,-14,-26,-35,-38,-35,-27,-15,0,14,26,35,38,35,27,15,0,-14,-26,-35,-38,-35,-27,-15
2021-03-18T17:04:45.841486,0,0,0,0,-1,-4,-8,-15,-23,-31,-37,-38,-35,-26,-13,1,16,28,36,38,35,26,13,-1,-16,-28,-36,-38,-32,-14,20,78,158,246,319,354,333,255,132,-14,-160,-282,-361,-384,-350,-261,-133,14,160,282,361,384,350,261,133,-14,-160,-282,-361,-384,-350,-261,-133,14,160,282,361,384,350,261,133,-14,-160,-282,-361,-384,-350,-262,-136,2,126,210,238,216,162,100,48,10,-12,-27,-36,-38,-35,-26,-13,1,16,28,36,38,35,26,13,-1,-16,-28,-36,-38,-35,-26,-13,1,16,28,36,38,35,26,13,-1,-16,-28,-36,-38,-35,-26,-13,1
2021-03-18T17:04:46.447694,0,0,0,-1,-3,-7,-13,-22,-30,-36,-37,-33,-24,-11,3,18,29,36,38,33,24,11,-3,-18,-29,-36,-38,-33,-24,-10,6,27,53,85,113,123,98,30,-74,-194,-301,-369,-383,-339,-243,-111,38,182,298,368,383,339,243,111,-38,-182,-298,-368,-383,-339,-243,-111,38,182,298,368,383,339,243,111,-38,-182,-298,-368,-383,-339,-243,-111,38,181,297,368,385,351,278,188,103,36,-7,-29,-36,-33,-24,-11,3,18,29,36,38,33,24,11,-3,-18,-29,-36,-38,-33,-24,-11,3,18,29,36,38,33,24,11,-3,-18,-29,-36,-38,-33,-24,-11,3,18,29,36,38,33,24,11
2021-03-18T17:04:46.777962,0,0,0,1,3,8,14,19,22,20,12,0,-13,-25,-34,-38,-36,-28,-16,-1,13,25,34,38,33,17,-16,-73,-152,-241,-319,-360,-348,-279,-162,-17,130,259,348,384,362,284,163,17,-130,-259,-348,-384,-362,-284,-163,-17,130,259,348,384,362,284,163,17,-130,-259,-348,-384,-362,-284,-163,-17,130,259,348,384,362,285,166,30,-95,-184,-220,-205,-157,-100,-50,-13,10,25,34,38,36,28,16,1,-13,-25,-34,-38,-36,-28,-16,-1,13,25,34,38,36,28,16,1,-13,-25,-34,-38,-36,-28,-16,-1,13,25,34,38,36,28,16,1,-13,-25
2021-03-18T17:04:46.959421,0,0,0,0,-2,-5,-11,-18,-27,-34,-38,-37,-31,-20,-6,8,22,32,37,37,31,20,6,-8,-22,-32,-37,-35,-21,10,64,141,231,314,365,366,310,204,65,-84,-222,-325,-379,-375,-314,-205,-65,84,222,325,379,375,314,205,65,-84,-222,-325,-379,-375,-314,-205,-65,84,222,325,379,375,314,205,65,-84,-222,-325,-379,-375,-315,-208,-78,48,143,189,186,148,97,52,18,-5,-21,-32,-37,-37,-31,-20,-6,8,22,32,37,37,31,20,6,-8,-22,-32,-37,-37,-31,-20,-6,8,22,32,37,37,31,20,6,-8,-22,-32,-37,-37,-31,-20,-6,8,22
2021-03-18T17:04:47.155578,0,0,0,0,0,0,-1,-5,-11,-20,-29,-35,-38,-36,-28,-16,-1,13,26,35,38,36,28,15,-1,-23,-53,-91,-129,-152,-139,-79,22,147,265,350,384,360,282,160,14,-134,-262,-350,-384,-360,-282,-160,-14,134,262,350,384,360,282,160,14,-134,-262,-350,-384,-360,-282,-160,-14,134,262,350,384,360,282,160,14,-134,-261,-348,-382,-361,-297,-209,-120,-48,0,26,36,35,28,16,1,-13,-26,-35,-38,-36,-28,-16,-1,13,26,35,38,36,28,16,1,-13,-26,-35,-38,-36,-28,-16,-1,13,26,35,38,36,28,16,1,-13,-26,-35,-38
2021-03-18T17:04:47.317354,0,0,0,-1,-4,-9,-16,-23,-29,-31,-26,-16,-3,11,24,34,38,36,29,17,3,-11,-24,-34,-38,-36,-26,-5,33,92,169,249,306,318,270,168,31,-116,-247,-341,-383,-367,-295,-177,-33,115,247,341,383,367,295,177,33,-115,-247,-341,-383,-367,-295,-177,-33,115,247,341,383,367,295,177,33,-115,-247,-341,-383,-367,-295,-178,-36,105,218,281,286,242,171,98,40,1,-21,-33,-38,-36,-29,-17,-3,11,24,34,38,36,29,17,3,-11,-24,-34,-38,-36,-29,-17,-3,11,24,34,38,36,29,17,3,-11,-24,-34,-38,-36,-29,-17
2021-03-18T17:04:47.474655,0,0,0,-1,-3,-8,-15,-24,-31,-34,-32,-24,-12,2,16,28,36,38,34,25,12,-2,-16,-28,-36,-38,-34,-25,-12,2,16,29,36,37,25,-3,-57,-134,-225,-312,-371,-386,-346,-255,-125,23,169,288,364,384,346,255,125,-23,-169,-288,-364,-384,-346,-255,-125,23,169,288,364,384,346,255,125,-23,-169,-288,-364,-384,-346,-255,-125,23,169,288,364,386,354,281,188,97,26,-17,-37,-41,-36,-26,-12,2,16,28,36,38,34,25,12,-2,-16,-28,-36,-38,-34,-25,-12,2,16,28,36,38,34,25,12,-2,-16,-28,-36,-38,-34,-25,-12,2,16,28,36,38,34,25,12,-2
2021-03-18T17:04:47.763058,0,0,0,0,2,4,6,6,4,-2,-12,-23,-33,-38,-37,-31,-20,-6,8,22,32,38,37,31,20,5,-11,-30,-52,-77,-95,-92,-56,19,125,238,331,380,374,311,201,60,-89,-226,-328,-380,-374,-311,-201,-60,89,226,328,380,374,311,201,60,-89,-226,-328,-380,-374,-311,-201,-60,89,226,328,380,374,311,201,60,-89,-226,-328,-382,-382,-334,-254,-164,-83,-23,14,32,36,30,20,6,-8,-22,-32,-38,-37,-31,-20,-6,8,22,32,38,37,31,20,6,-8,-22,-32,-38,-37,-31,-20,-6,8,22,32,38,37,31,20,6,-8,-22,-32,-38,-37,-31,-20,-6,8,22
2021-03-18T17:04:47.906562,0,0,0,1,3,8,14,20,23,21,13,1,-12,-24,-34,-38,-36,-29,-17,-3,11,24,34,38,36,29,17,3,-11,-24,-33,-35,-26,0,46,115,201,289,358,388,367,293,175,31,-117,-249,-342,-383,-366,-293,-175,-31,117,249,342,383,366,293,175,31,-117,-249,-342,-383,-366,-293,-175,-31,117,249,342,383,366,293,175,31,-117,-249,-342,-384,-369,-304,-208,-105,-19,35,58,59,48,34,18,3,-11,-24,-34,-38,-36,-29,-17,-3,11,24,34,38,36,29,17,3,-11,-24,-34,-38,-36,-29,-17,-3,11,24,34,38,36,29,17,3,-11,-24,-34,-38,-36,-29,-17,-3,11,24,34,38
2021-03-18T17:04:48.128333,0,0,0,-1,-3,-8,-15,-23,-31,-35,-35,-28,-17,-2,12,25,34,38,36,29,17,2,-12,-25,-34,-38,-36,-29,-17,-2,12,25,33,35,25,0,-47,-118,-204,-292,-360,-388,-366,-291,-172,-27,121,252,344,384,365,290,172,27,-121,-252,-344,-384,-365,-290,-172,-27,121,252,344,384,365,290,172,27,-121,-252,-344,-384,-365,-290,-172,-27,121,252,344,384,367,301,204,101,16,-38,-60,-60,-49,-34,-18,-2,12,25,34,38,36,29,17,2,-12,-25,-34,-38,-36,-29,-17,-2,12,25,34,38,36,29,17,2,-12,-25,-34,-38,-36,-29,-17,-2,12,25,34,38,36,29,17,2,-12,-25
2021-03-18T17:04:48.363617,0,0,0,0,-2,-5,-11,-18,-27,-34,-38,-37,-31,-19,-5,9,22,32,38,37,31,19,5,-9,-22,-32,-38,-37,-31,-19,-5,9,22,32,37,34,20,-10,-65,-142,-232,-315,-365,-364,-306,-198,-58,91,227,329,380,374,310,199,58,-91,-227,-329,-380,-374,-310,-199,-58,91,227,329,380,374,310,199,58,-91,-227,-329,-380,-374,-310,-199,-58,91,227,329,380,374,311,202,71,-55,-149,-194,-189,-149,-98,-51,-17,6,22,32,38,37,31,19,5,-9,-22,-32,-38,-37,-31,-19,-5,9,22,32,38,37,31,19,5,-9,-22,-32,-38,-37,-31,-19,-5,9,22,32,38,37,31,19,5,-9,-22,-32,-38,-37,-31,-19,-5
2021-03-18T17:16:10.615860,0,0,0,0,-1,-4,-8,-15,-23,-31,-37,-38,-35,-26,-13,1,15,28,36,38,35,26,13,-1,-15,-28,-35,-38,-32,-14,20,78,157,245,319,355,335,257,134,-12,-158,-280,-360,-384,-351,-263,-136,11,158,280,360,384,351,263,136,-11,-158,-280,-360,-384,-351,-263,-136,11,158,280,360,384,351,263,136,-11,-158,-280,-360,-384,-351,-264,-139,0,124,208,237,215,162,100,48,11,-12,-27,-35,-38,-35,-26,-13,1,15,28,36,38,35,26,13,-1,-15,-28,-36,-38,-35,-26,-13,1,15,28,36,38,35,26,13,-1,-15,-28,-36,-38,-35,-26,-13,1,15,28,36,38,35,26
